0 0.599428 0.495529 0.014110 0.072249
0 0.399366 0.381707 0.075313 0.316062
0 0.647431 0.489116 0.020043 0.095422
0 0.713570 0.472433 0.023050 0.120627
0 0.060422 0.412102 0.023760 0.096702
0 0.012390 0.475431 0.023885 0.098044
0 0.573679 0.440536 0.032232 0.193160
0 0.102965 0.379160 0.044330 0.154382
0 0.186081 0.475680 0.019817 0.098062
0 0.754186 0.488729 0.023467 0.084169
0 0.467625 0.492129 0.013750 0.082267
0 0.957368 0.460522 0.015535 0.039382
0 0.256830 0.491131 0.017470 0.080520
0 0.489991 0.465689 0.019933 0.131058
