0 0.588453 0.526007 0.027173 0.077573
0 0.108697 0.627473 0.076233 0.289533
0 0.032563 0.528333 0.039127 0.125653
0 0.956370 0.531957 0.030513 0.083047
0 0.402507 0.515293 0.021907 0.057040
0 0.615787 0.516340 0.021053 0.063893
0 0.436440 0.508693 0.015507 0.047000
0 0.768377 0.541400 0.026887 0.098933
0 0.524810 0.558550 0.038820 0.159953
0 0.316453 0.523370 0.021440 0.084887
0 0.199873 0.507227 0.030147 0.064213
0 0.263723 0.541370 0.023473 0.115673
0 0.746833 0.516847 0.010893 0.025053
0 0.485093 0.533533 0.033120 0.105400
